00000001111110111110111110
0111110111001000000001000011101001111010000000000000000000101101011111010100011100000000111011100110100000101100000000000000000000110101000110011111100
000000011111101111101111101110010000000010000111110100001000000000010111110111100010011101000101100101000000011011100110100000101100000000000000001101100011011001011111100
000000011111101111101111101110010000000010000111011100010000000000111110111110101010101111101000000000000001111100111001101000001101000000000000000011000111110010000011111100
00000001111110111110111110111001000000001000011101011011010000001000000000010100010001111100011000101000000101011100110100000101100000000000000000001001001000111011111100
0000000111111011111011111011100100000000100001111100111100000000001101111101001010100111010000000000000000110110111001101000001011000000000000000000000111110000111011111100
0000000111111011111011111011100100000000100001111001010000000000111000000001110010000000000000000110100000100110010110100000100010000000000000000100101010010111011111100
00000001111110101001000000010100000000001001001000000000000000100100000000000010000000101011100001010000110101111101111011111100
000000011111101111101111101110010000000010000111100011000000000001011111011111000010000000000001110011000010100110010110100000100010000000000000001110010001001011011111100
00000001111110111110111110111001000000001000011110011011010000000100000000011101111101011110100010010000010000111100110100000001100000000000000000000101110111101011111100
0000000111111010110001000000000000000010001000001010010100110111100110011111100
000000011111101111101111101110010000000010000111101011100000000011011111011010011011100000000011101010000011110111001101000001011000000000000000000111110000010011011111100
000000011111101111101111101110010000000010000111001101100000000000101111101010110010001111100001111010000011110100010110100000111100000000000000001011101000010011011111100
00000001111110111110111110111001000000001000011111011011000000000001001111100011001100011111000001001001000111110100010110100000001100000000000000000100111011001111011111100
00000001111110000011001000000000000000100010000100100111110001100111100011111100
00000001111110111110111110111001000000001000011111010010011000000000000000011000100011010000000000000000010101010010110100000110010000000000000000010001110011100011111100
000000011111101111101111101110010001010000101001101100010000000000000000000000000000000000000000000000000000000000000000000000000000000000111110101011000011111100
000000011111101111101111101110010000000010000111001100010000000001101111101001000100101111100111101000000001010010010110100000011100000000000000001011000111010001011111100
000000011111101111101111101110010000000010000111001111100000000000101111101110000100100111110001100001100000111110000101101000001011000000000000000011001111100011101011111100
0000000111111011111011111011100100000000100001111000110010000000000000000010011000011010000000000000000000011010010110100000010100000000000000001000011001100011011111100
000000011111101111101111101110010000000010000111000011001000000000000000000011011101011111000000000000000111011000101101000000010100000000000000011001000011111010011111100
000000011111101111101111101111101000000000000000000001110100111100000100110000000100000000000000000000000000000000000000000000000000000000111000101110111011111100
000000011111101111101111101110010000000010000111101001001100000000000000000111110000111110110101100110000010111010010110100000011000000000000000000000010110111001011111100
00000001111110111110111110111001000000001000011101010100000000000011111011110000010000000000000000000000001100110010110100000100010000000000000001000101100110100011111100
00000001111110111110111110111001000000001000011110100110000000000011111011110101111011011110110010000000000101100010110100000111100000000000000000001100111010011011111100
00000001111110111110111110111001000000001000011110010110000000001000000000110110101101111100001010000000000011100010110100000110010000000000000000000010110100010011111100
00000001111110111110111110111001000000001000011100100100110000000000000000000001011011111010000000000000011001010010110100000110110000000000000000000000000110100011111100
00000001111110111110111110111001000000001000011101111001000000000000000000100000111110011110100100100000001001100010110100000111100000000000000000001011011110000011111100
000000011111101111101111101110010000000010000111100001001100000001101111101110001000111110110000000000000000111010010110100000011000000000000000001010100111001001011111100
0000000111111011111011111011100100000000100001110110000100000000011000000000111000111011110000101101000011101011100110100000101100000000000000000111010111001110011111100
0000000111111000111000000001010000000010001000111010111000001000000001011111100
000000011111101111101111101110010000000010000111010101100000000001001111101110011110101111100110011110000001101100010110100000110010000000000000000101101101101101011111100
00000001111110111110111110111001000000001000011101001110000000000000000000111100111110011110000000000000010100111100110100000101100000000000000000010010010111010011111100
000000011111101111101111101110010000000010000111110001001000000001000000000110011010110111100000000000000110011000101101000000111000000000000000001001111001111101011111100
00000001111110111110111110111001000000001000011111001010000000000110000000000011000000000000101011010000010000110010110100000000010000000000000001001000101010110011111100
000000011111101111101111101110010000000010000111100000010000000010101111101001001101011111010000000000000010111011100110100000001100000000000000000100101001001100011111100
00000001111110111110111110111001000000001000011110101001000000001100111110100001010011101000001010000100001011011100110100000001100000000000000001000000001101110011111100
00000001111110111110111110111001000000001000011110011001000000000101011111001011011000110000000011000000011000111100110100000001100000000000000001000010010101000011111100
00000001111110111110111110111001000000001000011100101001000000000000000000101000011101111100001001100000000111100010110100000111000000000000000000101000111100001011111100
0000000111111011111011111011100100000000100001110011010000000000000000000011010000000000000000000000000011000110010110100000000010000000000000001001001011000000011111100
0000000111111011111011111011100100000000100001111101100010000000011010111110100001000001111100001101001100001000111100110100000101100000000000000000011001000011001011111100
0000000111111011111011111011100100000000100001111100110110100000010111110111001110010110111100010010000000000011000101101000000111000000000000000010101101011111010011111100
0000000111111011111011111011100100000000100001110000100100000000011111011110001111101001111100111100010000000110010010110100000101100000000000000001100001011010010011111100
0000000111111011111011111011100100000000100001111100101100000000000000000000111110010110111100000000000000100011000101101000000011000000000000000001010000111110100011111100
00000001111110111110111110111001000000001000011101001001000000000000000000100010101011111010000000000000000000111100110100000110100000000000000000101000010110101011111100
000000011111101111101111101110010000000010000111110101001000000000111110111110110100000011111001111101100000000100111100110100000110100000000000000000001010011001011011111100
00000001111110111110111110111001000000001000011110100001000000001101111101100100010011101000000000000000010011011100110100000110100000000000000001011110010010100011111100
000000011111101111101111101110010000000010000111110010001000000001111011111000111110000011111000000000000000011010111001101000001101000000000000000000011111001000010011111100
0000000111111011111011111011100100000000100001110110111000000000000000000001010100111011110000000000000010101011100110100000101100000000000000001010111101000000011111100
0000000111111011111011111011100100000000100001110010011000000000000000000010100110101010000000000000000010011010010110100000100010000000000000001000111010011010011111100
000000011111100100010000000101000000001000010011101000000000001000000010000000000000000000001010011111000000000000000001100000000100101000101001010001100110110011111100
000000011111101010010000000101000000001000010011101000000000001000000010000000000000000000001010011111000000000000000001100000010100101000101000111101011100011011111100
000000011111101100010000000101000000001000010011101000000000001000000010000000000000000000001010011111000000000000000001100000001100101000101001010011010001011011111100
0000000111111001000100000001010000000000100100010000000000000010010000000000001000000011100101000101001111010111011001011111100
000000011111101111101111101111101000000000000000000001110101010000000100110000000100000000000000000000000000000000000000000000000000000001010111101010011011111100
0000000111111011110000000001010000000010001000111010111011001110010100011111100
00000001111110111110111110111001000000001000011110011000111001001110111110100011101000001000111010101110000101001100100100000010000000000000000000000111010001111011111100
00000001111110111110111110111001000000001000011100011110000000000000000000100111101101111100000000000000011011100010110100000111000000000000000001101011110100101011111100
000000011111101111101111101110010000000010000111000011000000000001111101111101111000000000000111100110000000000110010110100000010010000000000000001110001111001000011111100
0000000111111001000100000001010000000010001000111010110001010010101100011111100
0000000111111011000100000001010000000010001000101110110110110010001001011111100
000000011111101111101111101110010000000010000111001000010000000000000000001011000001011111000000000000000110100100101101000001111000000000000000011100111011111000011111100
0000000111111010100100000001010000000010001000101110110111010101010101011111100
00000001111110111110111110111001000000001000011101001100000000000101111101110001000000000000000000000000001000110010110100000010010000000000000001010101011101000011111100
0000000111111011111011111011100100000000100001111100001001100000000000000000000011010011111000000000000000001010100101101000001101100000000000000000110111110110010011111100
000000011111101111101111101110010000000010000111101110010000000000000000000000100000011111000000000000000011001111001101000000111000000000000000010011111001110110011111100
00000001111110111110111110111001000000001000011110011110000000000000111110111100101011011110111100001000001110100010110100000111100000000000000001000101011010111011111100
0000000111111011111011111011100100000000100001111101111100000000000000000000101101101001111100000000000000010000010010110100000001100000000000000001000010000000011011111100
00000001111110111110111110111001000000001000011101001111010000000000000000000101101011111010100011100000000111011100110100000101100000000000000000000110101000110011111100
000000011111101111101111101110010000000010000111110100001000000001010111110111100010011101000011101000100000011011100110100000101100000000000000000011000111001101011111100
00000001111110111110111110111001000000001000011101110001000000000101111101111100101010111110100000000000000111110011100110100000110100000000000000001000110011000111011111100
00000001111110111110111110111001000000001000011101011011010000000000000000110100010001111100000000000000000101011100110100000101100000000000000000111001101110000011111100
000000011111101111101111101110010000000010000111110011110000000000010111110100101010011101000000000000000011011011100110100000101100000000000000000111010111011101011111100
0000000111111011111011111011100100000000100001111001010000000000101000000011110010000000000000000000000000100110010110100000100010000000000000001100110100101011011111100
000000011111101111101111101110010000000010000111100011000000000001011111011111000010000000000001101000100010100110010110100000100010000000000000001010101011000100011111100
00000001111110111110111110111001000000001000011110011011010000000100000000011101111101011110110100101000010000111100110100000001100000000000000000000010100001110011111100
00000001111110111110111110111001000000001000011110101110000000000101111101111001101110000000000000000000001111011100110100000101100000000000000000001010000001011011111100
000000011111101111101111101110010000000010000111001101100000000000101111101010110010001111100010110001000011110100010110100000111100000000000000000001001111010100011111100
00000001111110111110111110111001000000001000011111011011000000000001001111100011001100011111000100001011000111110100010110100000001100000000000000001010011100000101011111100
00000001111110000011001000000000000000100010000010100110011111010011010011111100
00000001111110111110111110111001000000001000011111010010011000000000000000011000100011010000000000000000010101010010110100000110010000000000000000010001110011100011111100
000000011111101111101111101110010000000010000111001100010000000010101111101001000100101111100001011000000001010010010110100000011100000000000000000101101110101011011111100
00000001111110111110111110111001000101000010100100001100100000000000000000000000000000000000000000000000000000000000000000000000000000001000011000000001011111100
00000001111110111110111110111001000000001000011100111110000000000100111110111000010010011111001100000001000011111000010110100000101100000000000000001000110111000000011111100
0000000111111011111011111011100100000000100001111000110010000000000000000010011000011010000000000000000000011010010110100000010100000000000000001000011001100011011111100
000000011111101111101111101110010000000010000111101001001100000000000000001111101000111110110000000000000010111010010110100000011000000000000000000110101100000011011111100
000000011111101111101111101111101000000000000000000001110100111100000100110000000100000000000000000000000000000000000000000000000000000000111000101110111011111100
000000011111101111101111101110010000000010000111010101000000000000111110111100000100000000000001000100000011001100101101000001000100000000000000011011110110111110011111100
00000001111110111110111110111001000000001000011110100110000000000101111101110101111011011110100001000000000101100010110100000111100000000000000001010110100101000011111100
000000011111101100010000000101000000000100010000010000000000000010110001101100000000000000000000000000000000000000000000000000000000000000000000000000000000000000000000000000000000000000000000000000000000000000000000000000000000000000000000000000000000001010100000101011011111100
0000000111111011000100000001010000000011000100100100101001101000000000100000101011011011001110001011101010011000101110001011101010011001110110000000000000000000000000000000000000000000000000000000000000000000000000000000000000000001110011000101000001001111001010011111100
0000000111111011000100000001010000000000000100100000000000000000010000001100001001100000000000100000001000000001000000000000000110001101100110011000110110011010011010000000000000000000000000000000000000000000000000000000001000000001110011000101001100001000111011011111100
0000000111111000110100000001010000000000000100100000000000000001000000001100000101010000000000100000001000000001000000000000000110001101100110011000110110011011100000000000000000000000000000000000000000000000000000000000001000000011110011000101000100011010000101011111100
00000001111110001101000000010100000000100001000101010000000000100000001000000000000000000000000000000000000000000000001100000000001011000101001110000110000000011111100
00000001111110111110111110111001000000001000011110010110000000000000000000110110101101111100000111000000000011100010110100000110010000000000000001001010010010011011111100
00000001111110111110
